40.000000 0.086980 0.001000 0.001000 0.001000 	4.358
50.000000 0.504001 0.114066 0.001000 0.001000	6.669
60.000000 1.327740 0.544238 0.147435 0.001000	9.456
70.000000 2.506362 1.406383 0.584664 0.187451	12.709
80.000000 3.990891 2.654847 1.473050 0.627763	16.463
90.000000 5.740446 4.244899 2.771732 1.534363	20.908
100.000000 7.723204 6.136689 4.440028 2.870169	25.680
110.000000 9.915681 8.296572 6.440371 4.598033	30.664
120.000000 12.301410 10.697204 8.739513 6.682886	36.331
130.000000 14.869529 13.317050 11.308938 9.092789	42.510
140.000000 17.613417 16.139692 14.124693 11.799353	49.175
150.000000 20.529575 19.153021 17.167166 14.777800	56.325
160.000000 23.616667 22.348465 20.420559 18.006887	61.000
170.000000 26.874846 25.720261 23.872496 21.468697	61.000
180.000000 30.305130 29.264856 27.513458 25.148251	61.000
190.000000 33.909088 32.980339 31.336348 29.033337	61.000
200.000000 37.688522 36.866066 35.336094 33.114086	61.000
210.000000 41.645306 40.922237 39.509274 37.382664	61.000
220.000000 45.781216 45.149700 43.853699 41.833088	61.000
230.000000 50.097904 49.549599 48.368286 46.460804	61.000
240.000000 54.596897 54.123421 53.052650 51.262520	61.000
250.000000 59.279503 58.872623 57.907085 56.236008	61.000
260.000000 61.000000 61.000000 61.000000 61.000000	61.000
270.000000 61.000000 61.000000 61.000000 61.000000	61.000
280.000000 61.000000 61.000000 61.000000 61.000000	61.000
290.000000 61.000000 61.000000 61.000000 61.000000	61.000
300.000000 61.000000 61.000000 61.000000 61.000000	61.000
