29.500000 0.826853 0.823046 0.702115 0.441431 0.190345 0.045656 0.056378 0.248172
54.500000 2.822132 2.821930 2.768600 2.480386 1.970625 1.380027 0.830200 0.403229
79.500000 6.005078 6.005071 5.990879 5.822556 5.353714 4.618152 3.733095 2.814796
104.500000 10.375690 10.375690 10.372635 10.296939 9.976553 9.322272 8.373380 7.227046
129.500000 15.933969 15.933969 15.933381 15.903800 15.717325 15.228001 14.386041 13.230706
154.500000 22.679911 22.679911 22.679810 22.669199 22.571037 22.242479 21.575857 20.544989
179.500000 30.613523 30.613523 30.613504 30.609915 30.561657 30.356743 29.868147 29.019627
204.500000 39.734802 39.734802 39.734802 39.733620 39.711048 39.589916 39.251328 38.592209
229.500000 50.043743 50.043743 50.043743 50.043385 50.033192 49.964432 49.739559 49.249584
254.500000 61.000000 61.000000 61.000000 61.000000 61.000000 61.000000 61.000000 61.000000
279.500000 61.000000 61.000000 61.000000 61.000000 61.000000 61.000000 61.000000 61.000000
304.500000 61.000000 61.000000 61.000000 61.000000 61.000000 61.000000 61.000000 61.000000
