240.000000 54.727657 54.727657 54.727657 54.727657 54.727448 54.724346 54.705788 54.643368
440.000000 183.945755 183.945755 183.945755 183.945755 183.945755 183.945755 183.945435 183.943329
640.000000 261.000000 261.000000 261.000000 261.000000 261.000000 261.000000 261.000000 261.000000
840.000000 261.000000 261.000000 261.000000 261.000000 261.000000 261.000000 261.000000 261.000000
1040.000000 261.000000 261.000000 261.000000 261.000000 261.000000 261.000000 261.000000 261.000000
1240.000000 261.000000 261.000000 261.000000 261.000000 261.000000 261.000000 261.000000 261.000000
1440.000000 261.000000 261.000000 261.000000 261.000000 261.000000 261.000000 261.000000 261.000000
1640.000000 261.000000 261.000000 261.000000 261.000000 261.000000 261.000000 261.000000 261.000000
1840.000000 261.000000 261.000000 261.000000 261.000000 261.000000 261.000000 261.000000 261.000000
2040.000000 261.000000 261.000000 261.000000 261.000000 261.000000 261.000000 261.000000 261.000000
2240.000000 261.000000 261.000000 261.000000 261.000000 261.000000 261.000000 261.000000 261.000000
2440.000000 261.000000 261.000000 261.000000 261.000000 261.000000 261.000000 261.000000 261.000000
2640.000000 261.000000 261.000000 261.000000 261.000000 261.000000 261.000000 261.000000 261.000000
2840.000000 261.000000 261.000000 261.000000 261.000000 261.000000 261.000000 261.000000 261.000000
3040.000000 261.000000 261.000000 261.000000 261.000000 261.000000 261.000000 261.000000 261.000000
3240.000000 261.000000 261.000000 261.000000 261.000000 261.000000 261.000000 261.000000 261.000000
3440.000000 261.000000 261.000000 261.000000 261.000000 261.000000 261.000000 261.000000 261.000000
3640.000000 261.000000 261.000000 261.000000 261.000000 261.000000 261.000000 261.000000 261.000000
3840.000000 261.000000 261.000000 261.000000 261.000000 261.000000 261.000000 261.000000 261.000000
4040.000000 261.000000 261.000000 261.000000 261.000000 261.000000 261.000000 261.000000 261.000000
4240.000000 261.000000 261.000000 261.000000 261.000000 261.000000 261.000000 261.000000 261.000000
4440.000000 261.000000 261.000000 261.000000 261.000000 261.000000 261.000000 261.000000 261.000000
4640.000000 261.000000 261.000000 261.000000 261.000000 261.000000 261.000000 261.000000 261.000000
4840.000000 261.000000 261.000000 261.000000 261.000000 261.000000 261.000000 261.000000 261.000000
5040.000000 261.000000 261.000000 261.000000 261.000000 261.000000 261.000000 261.000000 261.000000
5240.000000 261.000000 261.000000 261.000000 261.000000 261.000000 261.000000 261.000000 261.000000
5440.000000 261.000000 261.000000 261.000000 261.000000 261.000000 261.000000 261.000000 261.000000
5640.000000 261.000000 261.000000 261.000000 261.000000 261.000000 261.000000 261.000000 261.000000
5840.000000 261.000000 261.000000 261.000000 261.000000 261.000000 261.000000 261.000000 261.000000
6040.000000 261.000000 261.000000 261.000000 261.000000 261.000000 261.000000 261.000000 261.000000
6240.000000 261.000000 261.000000 261.000000 261.000000 261.000000 261.000000 261.000000 261.000000

