10.000000 0.094
20.000000 0.747
30.000000 2.257
40.000000 4.358
50.000000 6.669
60.000000 9.456
70.000000 12.709
80.000000 16.463
90.000000 20.908
100.000000 25.680
110.000000 30.664
120.000000 36.331
130.000000 42.510
140.000000 49.175
150.000000 56.325
160.000000 61.0
170.000000 61.0
180.000000 61.0
190.000000 61.0
200.000000 61.0
210.000000 61.0
220.000000 61.0
230.000000 61.0
240.000000 61.0
250.000000 61.0
260.000000 61.0
270.000000 61.0
280.000000 61.0
290.000000 61.0
300.000000 61.0
310.000000 61.0

